0 0.179204 0.197111 0.134218 0.254957
0 0.285398 0.248102 0.128319 0.128498
0 0.351032 0.205270 0.132743 0.201926
0 0.424041 0.354165 0.131268 0.369178
0 0.522124 0.484703 0.115044 0.189688
0 0.433628 0.195071 0.097345 0.132578
0 0.530236 0.212409 0.098820 0.289631
0 0.598083 0.367422 0.113569 0.265155
0 0.617994 0.236884 0.115044 0.191728
0 0.674779 0.209349 0.107670 0.206005
0 0.697640 0.384759 0.106195 0.263116
0 0.809735 0.436771 0.147493 0.195807
0 0.753687 0.255241 0.079646 0.183569
0 0.832596 0.269519 0.125369 0.175410
0 0.873156 0.162437 0.126844 0.238640
0 0.935103 0.391898 0.129794 0.265155
0 0.951327 0.246063 0.097345 0.197847
0 0.708702 0.678470 0.199115 0.267195
0 0.530973 0.743739 0.112094 0.218243
0 0.401180 0.734560 0.144543 0.277393
0 0.210177 0.370482 0.128319 0.181529