0 0.114542 0.877490 0.105578 0.129482
0 0.427291 0.608566 0.077689 0.049801
0 0.664343 0.607570 0.053785 0.111554
0 0.603586 0.790837 0.071713 0.091633
0 0.587649 0.855578 0.071713 0.093625
0 0.714143 0.914343 0.073705 0.083665
0 0.712151 0.868526 0.085657 0.071713
0 0.774900 0.813745 0.063745 0.101594
0 0.914343 0.806773 0.059761 0.071713
0 0.847610 0.894422 0.073705 0.107570
0 0.795817 0.914343 0.049801 0.111554
0 0.718127 0.617530 0.053785 0.059761
0 0.373506 0.613546 0.069721 0.047809
0 0.138446 0.800797 0.077689 0.063745
0 0.434263 0.911355 0.071713 0.073705
0 0.369522 0.860558 0.061753 0.067729
0 0.435259 0.866534 0.069721 0.059761
0 0.545817 0.909363 0.063745 0.097610
0 0.638446 0.890438 0.041833 0.099602